          date humidity soilMoisture lightIntensity  temperature  temperature_daily_rate_change
0   2024-12-02     57.7           41             64         30.3                            NaN
1   2024-12-03     59.9           50             68         31.7                       0.046205
2   2024-12-04     56.8           43             67         34.2                       0.078864
3   2024-12-05     54.1           45             70         31.2                      -0.087719
4   2024-12-06     60.7           49             68         38.5                       0.233974
5   2024-12-07     64.7           41             70         37.5                      -0.025974
6   2024-12-08     65.8           44             58         36.7                      -0.021333
7   2024-12-09     59.9           46             70         30.1                      -0.179837
8   2024-12-10     59.3           43             64         36.9                       0.225914
9   2024-12-11     51.0           46             60         37.3                       0.010840
10  2024-12-12     58.6           45             67         36.5                      -0.021448
11  2024-12-13     67.9           48             59         31.5                      -0.136986
12  2024-12-14     65.5           44             52         34.4                       0.092063
13  2024-12-15     57.4           43             56         32.1                      -0.066860
14  2024-12-16     51.0           49             50         38.2                       0.190031
15  2024-12-17     54.1           42             70         36.4                      -0.047120
16  2024-12-18     64.1           50             50         34.0                      -0.065934
17  2024-12-19     68.5           45             60         34.7                       0.020588
18  2024-12-20     54.9           42             58         37.9                       0.092219
19  2024-12-21     56.0           47             55         32.2                      -0.150396
20  2024-12-22     68.0           48             52         30.2                      -0.062112
21  2024-12-23     69.8           44             66         30.5                       0.009934
22  2024-12-24     61.0           40             61         39.2                       0.285246
23  2024-12-25     61.8           48             60         37.0                      -0.056122
24  2024-12-26     64.0           45             56         39.0                       0.054054
25  2024-12-27     56.7           42             53         31.2                      -0.200000
26  2024-12-28     66.9           41             52         35.5                       0.137821
27  2024-12-29     56.4           47             53         38.8                       0.092958
28  2024-12-30     63.3           42             56         30.6                      -0.211340
29  2024-12-31     66.1           46             70         34.8                       0.137255
30  2025-01-01     68.6           47             65         33.9                      -0.025862
31  2025-01-02     53.0           47             56         31.8                      -0.061947
32  2025-01-03     53.4           50             64         37.6                       0.182390
33  2025-01-04     56.0           50             52         35.7                      -0.050532
34  2025-01-05     59.3           47             51         39.4                       0.103641
35  2025-01-06     57.2           47             62         37.6                      -0.045685
36  2025-01-07     51.6           49             52         38.9                       0.034574
37  2025-01-08     58.8           42             70         31.7                      -0.185090
38  2025-01-09     69.9           42             66         35.3                       0.113565
39  2025-01-10     63.5           50             61         32.4                      -0.082153
40  2025-01-11     61.5           49             67         35.1                       0.083333
41  2025-01-12     64.8           40             50         32.6                      -0.071225
42  2025-01-13     68.7           41             57         37.0                       0.134969
43  2025-01-14     58.3           49             50         38.8                       0.048649
44  2025-01-15     56.2           50             59         30.5                      -0.213918
45  2025-01-16     62.0           45             53         31.3                       0.026230
46  2025-01-17     58.4           42             64         34.8                       0.111821
47  2025-01-18     57.9           45             52         34.3                      -0.014368
48  2025-01-19     55.4           41             53         39.7                       0.157434
49  2025-01-20     53.8           45             66         34.1                      -0.141058
50  2025-01-21     59.0           43             60         39.3                       0.152493
51  2025-01-22     57.9           47             56         36.8                      -0.063613
52  2025-01-23     60.9           43             59         32.7                      -0.111413
53  2025-01-24     54.8           46             68         34.6                       0.058104
54  2025-01-25     52.6           49             70         34.1                      -0.014451
55  2025-01-26     58.5           48             68         32.6                      -0.043988
56  2025-01-27     68.5           44             65         36.8                       0.128834
57  2025-01-28     68.8           49             51         30.1                      -0.182065
58  2025-01-29     52.6           45             59         33.8                       0.122924
59  2025-01-30     51.0           42             66         34.3                       0.014793
60  2025-01-31     56.0           45             67         34.9                       0.017493
61  2025-02-01     57.1           44             70         31.9                      -0.085960
62  2025-02-02     59.3           48             65         35.4                            NaN
63  2025-02-03     63.6           44             55         38.7                       0.093220